57 1
29 48
94 721
22 133
28 955
70 164
2 8
91 68
10 69
38 774
68 47
81 126
90 197
65 28
75 192
36 123
45 87
83 90
43 28
4 19
19 156
17 119
71 96
49 270
6 378
87 19
61 40
79 244
60 38
35 16
33 122
88 323
95 875
44 40
73 238
82 352
13 461
77 387
1 40
93 158
20 446
9 199
58 146
56 609
42 306
21 35
27 42
11 199
40 12
18 323
3 55
48 214
31 43
96 97
46 38
50 69
62 137
76 237
59 20
26 18
39 8
37 56
41 120
34 353
85 506
69 84
84 378
67 8
12 67
14 184
92 9
80 589
30 50
32 109
78 50
72 85
89 7
23 193
5 126
64 123
15 424
55 11
25 43
7 248
53 185
74 263
16 257
8 18
