57 434
29 2573
94 7861
22 2305
28 8046
70 4689
2 432
91 1911
10 3631
38 8140
68 2062
81 4229
90 5459
65 2052
75 6251
36 4176
45 2601
83 3260
43 3877
4 1412
19 2859
17 3275
71 2811
49 3660
6 6867
87 2440
61 1287
79 6129
60 1330
35 1872
33 3395
88 6553
95 7968
44 1480
73 5628
82 6298
13 7747
77 5161
1 1421
93 4114
20 4277
9 6906
58 6406
56 8265
42 6085
21 2318
27 3596
11 3344
40 969
18 4513
3 2012
48 6327
31 686
96 4763
46 2462
50 3601
62 3772
76 4712
59 3064
26 454
39 593
37 2632
41 4426
34 4932
85 8110
69 2606
84 6254
67 633
12 2961
14 5457
92 1548
80 7247
30 1105
32 5864
78 1737
72 3823
89 683
23 4244
5 3767
64 5376
15 7329
55 1072
25 2579
7 5788
53 4709
74 5606
16 6406
8 1263
