Latencies/Contact
8000 20525.2302
16000 21675.3593
2500 8524.7200
10500 18996.4140
18500 25052.3760
5000 19235.4146
13000 20776.5092
7500 20990.7623
15500 21631.4131
2000 8372.2381
10000 19756.4899
18000 25006.4680
4500 18357.5205
12500 19482.0000
7000 21762.5089
15000 21663.7132
1500 8697.8235
9500 19746.9197
17500 25130.1232
4000 14157.1860
12000 18112.6213
6500 21970.5278
14500 21902.4106
1000 8914.1875
9000 20044.9254
17000 24864.1206
3500 9528.3333
11500 18567.5556
6000 21714.2019
14000 21753.8347
500 9982.2857
8500 20089.0231
16500 22583.1742
3000 9528.3333
11000 18666.9317
19000 29686.5704
5500 21514.1354
13500 21478.3744

