NrofDelivered/Contact
8000 84.0
16000 84.90566037735849
2500 62.5
10500 85.32608695652173
18500 86.60508083140877
5000 64.56692913385827
13000 78.41726618705036
7500 82.43243243243244
15500 84.0909090909091
2000 53.84615384615385
10000 83.24022346368714
18000 84.86997635933807
4500 58.4
12500 68.88888888888889
7000 76.71232876712328
15000 84.86842105263158
1500 44.73684210526316
9500 82.03592814371258
17500 85.4066985645933
4000 35.53719008264463
12000 80.86124401913875
6500 78.83211678832117
14500 82.82828282828282
1000 43.24324324324324
9000 83.75
17000 81.73076923076923
3500 55.55555555555556
11500 84.81675392670157
6000 77.61194029850746
14000 83.73702422145328
500 38.88888888888889
8500 84.9673202614379
16500 70.34313725490196
3000 73.17073170731707
11000 86.09625668449198
19000 91.01123595505618
5500 73.84615384615385
13500 79.37062937062937

