Overhead/Contact
8000 35.69047619047619
16000 36.32592592592592
2500 31.8
10500 34.50955414012739
18500 35.54933333333334
5000 32.40243902439025
13000 33.288990825688074
7500 34.77049180327869
15500 37.59073359073359
2000 31.714285714285715
10000 34.80536912751678
18000 35.41782729805014
4500 27.465753424657535
12500 34.58064516129032
7000 35.205357142857146
15000 36.68604651162791
1500 34.1764705882353
9500 36.35766423357664
17500 33.78991596638655
4000 26.232558139534884
12000 34.19526627218935
6500 34.80555555555556
14500 36.792682926829265
1000 23.5
9000 36.25373134328358
17000 34.36470588235294
3500 32.833333333333336
11500 35.21604938271605
6000 32.90384615384615
14000 36.37603305785124
500 13.142857142857142
8500 35.95384615384615
16500 35.7595818815331
3000 31.5
11000 35.03105590062112
19000 35.0
5500 31.6875
13500 37.26431718061674

