35 1037
80 7330
10 2481
18 10392
59 1995
96 4675
93 1380
41 10968
68 4742
60 581
20 2156
56 30837
15 21905
14 6969
55 433
76 9196
16 18316
92 55
89 53
42 19734
94 23985
30 830
38 27636
74 11732
49 7445
75 13446
39 297
83 5912
48 11157
29 1100
67 502
82 10461
32 11561
69 1725
13 16677
34 13352
7 10982
95 26625
5 1001
45 4197
12 10
57 224
50 3004
71 4579
40 72
84 7750
25 899
72 7498
58 13788
36 10202
22 4854
2 416
46 4477
61 130
28 29294
73 9807
70 6453
81 7920
26 248
78 1831
87 310
88 11683
90 5455
43 6500
37 2698
6 12556
23 7462
19 2746
64 3475
44 1467
53 8326
8 27
9 11638
21 1981
65 1133
11 8791
3 5641
1 389
85 29222
4 627
91 2187
79 9244
33 2807
17 852
31 129
77 14623
27 3431
62 5322
