35 49
80 1106
10 82
18 651
59 47
96 242
93 203
41 313
68 147
60 123
20 304
56 1840
15 1129
14 344
55 16
76 701
16 703
92 3
89 3
42 738
94 1771
30 130
38 1998
74 484
49 798
75 430
39 3
83 296
48 234
29 52
67 25
82 827
32 250
69 179
13 967
34 893
7 652
95 2281
5 73
45 235
50 144
57 9
71 346
40 12
84 700
25 61
72 395
58 316
36 354
22 675
2 29
46 85
61 4
28 2656
73 437
70 274
81 346
26 66
78 106
87 7
90 286
88 554
43 70
37 83
6 973
23 436
19 284
64 247
44 135
53 417
9 456
21 52
65 66
11 583
3 179
1 43
85 1360
4 57
91 216
79 503
33 153
17 53
31 35
77 1102
27 96
62 291
