NrofDelivered/Contact
8000 82.0
16000 81.44654088050315
2500 65.0
10500 83.69565217391305
18500 81.75519630484989
5000 57.48031496062992
13000 76.61870503597122
7500 78.37837837837837
15500 82.79220779220779
2000 53.84615384615385
10000 79.3296089385475
18000 80.6146572104019
4500 52.800000000000004
12500 67.77777777777779
7000 73.28767123287672
15000 83.22368421052632
1500 44.73684210526316
9500 79.64071856287424
17500 77.75119617224881
4000 32.231404958677686
12000 79.42583732057416
6500 75.18248175182481
14500 81.81818181818183
1000 43.24324324324324
9000 82.5
17000 74.51923076923077
3500 50.0
11500 84.29319371727748
6000 72.38805970149254
14000 82.69896193771626
500 38.88888888888889
8500 82.35294117647058
16500 67.40196078431373
3000 65.85365853658537
11000 85.02673796791443
19000 87.64044943820225
5500 68.46153846153847
13500 78.67132867132867

