Overhead/Contact
8000 31.398373983739837
16000 26.455598455598455
2500 26.153846153846153
10500 27.863636363636363
18500 26.15819209039548
5000 27.095890410958905
13000 25.953051643192488
7500 31.96551724137931
15500 26.698039215686276
2000 27.285714285714285
10000 29.380281690140844
18000 25.60410557184751
4500 22.78787878787879
12500 27.91256830601093
7000 32.018691588785046
15000 26.18577075098814
1500 29.352941176470587
9500 30.909774436090224
17500 24.784615384615385
4000 23.0
12000 27.572289156626507
6500 29.75728155339806
14500 26.674897119341562
1000 24.5625
9000 30.325757575757574
17000 24.35483870967742
3500 29.444444444444443
11500 27.838509316770185
6000 27.010309278350515
14000 26.430962343096233
500 14.928571428571429
8500 31.103174603174605
16500 25.44
3000 27.77777777777778
11000 27.459119496855347
19000 26.851282051282052
5500 26.921348314606742
13500 26.426666666666666

