Latencies/Contact
8000 22225.7642
16000 23302.2471
2500 8730.0000
10500 21121.4091
18500 28151.9718
5000 21576.1507
13000 22023.8451
7500 22884.1810
15500 23223.1412
2000 8374.7619
10000 22284.2887
18000 28425.2463
4500 20764.3333
12500 21250.6230
7000 23646.9065
15000 23352.7312
1500 8700.8824
9500 22105.2707
17500 28055.6431
4000 14328.1282
12000 19976.9217
6500 23378.7961
14500 23407.9465
1000 8917.4375
9000 22163.5909
17000 27370.6419
3500 8406.7778
11500 20474.3168
6000 23864.4433
14000 23537.1883
500 9985.4286
8500 21767.5317
16500 25153.5891
3000 8406.7778
11000 20718.0566
19000 32918.1359
5500 23251.2022
13500 23343.3956

