57 1
29 51
94 814
22 153
28 1030
70 127
2 5
91 79
10 55
38 836
68 50
81 138
90 244
65 31
75 189
36 148
45 117
83 118
43 25
4 31
19 212
17 135
71 133
49 279
6 466
87 15
61 35
79 249
60 29
35 20
33 123
88 349
95 891
44 52
73 279
82 333
13 508
77 336
1 41
93 184
20 478
9 242
58 209
56 568
42 303
21 41
27 53
11 206
40 32
18 341
3 71
48 252
31 63
96 94
46 41
50 81
62 116
76 271
59 30
26 18
39 22
37 61
41 150
34 424
85 512
69 61
84 412
67 10
12 67
14 188
92 15
80 570
30 47
32 140
78 74
72 83
89 6
23 220
5 151
64 142
15 440
55 10
25 52
7 246
53 210
74 274
16 268
8 13
