57 971
29 3517
94 7772
22 2787
28 8080
70 4799
2 468
91 2750
10 4018
38 7951
68 3002
81 5014
90 5779
65 2504
75 6414
36 5542
45 3126
83 3698
43 3978
4 1542
19 3462
17 3612
71 2924
49 4362
6 6981
87 2939
61 1220
79 6245
60 1869
35 2510
33 3846
88 6677
95 7868
44 2025
73 5789
82 6564
13 7642
77 5702
1 1886
93 5080
20 4116
9 7034
58 6747
56 8084
42 6540
21 2869
27 4499
11 3668
40 1467
18 4629
3 2783
48 6538
31 998
96 5297
46 2702
50 4331
62 4497
76 5284
59 4029
26 977
39 723
37 3026
41 4521
34 5279
85 7955
69 2936
84 6577
67 805
12 3522
14 5493
92 1602
80 7198
30 1751
32 6139
78 2217
72 4079
89 948
23 4572
5 4190
64 5789
15 7361
55 1607
25 3194
7 6033
53 5175
74 5902
16 6625
8 1336
