57 12
29 67
94 643
22 362
28 986
70 188
2 5
91 219
10 87
38 700
68 84
81 163
90 349
65 105
75 207
36 197
45 210
83 213
43 31
4 24
19 347
71 244
17 71
49 422
6 464
87 5
61 50
79 282
60 62
35 60
33 160
88 298
95 1004
44 146
73 208
82 483
0 2
13 594
77 446
1 65
93 155
20 521
9 230
58 151
56 620
42 206
21 86
11 274
27 81
40 19
18 441
3 107
48 134
31 188
96 198
46 46
50 167
62 238
59 21
76 248
26 40
39 16
37 72
41 135
34 303
85 521
69 78
84 524
67 8
12 41
14 180
92 44
80 954
30 182
32 187
78 60
72 207
89 29
23 148
5 191
64 112
15 408
25 75
55 17
7 286
53 177
74 268
16 203
8 29
