57 1758
29 4597
94 7652
22 4987
70 7173
28 5596
2 1386
91 5293
10 3678
38 7947
68 4438
81 4539
90 7598
65 3845
75 6018
36 5684
45 3799
83 5785
43 2308
4 2162
19 5616
71 5580
17 3833
49 6059
6 7586
87 3634
61 4554
79 7306
60 3258
35 3845
33 5265
88 5754
95 8016
44 4537
73 6716
82 6533
0 325
13 8082
77 5581
1 4138
93 6420
20 6768
9 7044
58 5324
56 7884
42 4267
21 4171
27 4556
11 6595
40 2271
18 6873
3 5907
48 5277
31 2222
96 7448
46 3085
50 7291
62 6829
76 5835
59 3430
26 1897
39 813
37 3704
41 5423
34 6275
85 7995
69 3375
84 7728
67 958
12 4260
14 5529
92 4798
80 8138
30 4184
32 6130
78 4554
72 6009
89 856
23 4174
5 3701
64 6158
15 7554
55 1059
25 5384
7 5544
53 4803
74 5538
16 7233
8 1721
