57 1
29 12
94 426
22 172
28 672
70 64
2 11
91 53
10 13
38 486
68 50
81 85
90 56
65 15
75 121
36 83
45 63
83 68
43 22
4 14
19 82
17 10
71 100
49 194
6 243
87 3
61 1
79 139
60 26
35 15
33 40
88 148
95 609
44 27
82 191
73 106
77 243
13 240
1 15
93 46
20 63
9 112
58 62
56 423
42 214
21 15
11 150
27 26
40 1
18 157
3 47
48 62
31 4
96 58
46 19
50 29
62 91
76 183
59 6
26 13
39 5
37 20
41 77
34 215
85 321
69 45
84 202
67 11
14 83
80 287
30 27
32 84
78 32
72 100
23 94
5 17
64 79
15 290
55 3
25 13
7 173
53 115
74 131
16 157
