57 54
29 279
94 5820
22 1183
28 6940
70 1619
2 118
91 507
10 613
38 6655
68 1209
81 1918
90 1316
65 263
75 3403
36 2425
45 1030
83 1436
43 1643
4 156
19 666
17 213
71 1114
49 1805
6 3110
87 68
61 28
79 2362
60 147
35 247
33 705
88 2885
95 6482
44 370
73 2459
82 2609
13 4075
77 3402
1 101
93 341
20 525
9 2939
58 3270
56 7333
42 4821
21 468
27 846
11 2151
40 12
18 2525
3 1386
48 2737
31 31
96 1174
46 1116
50 721
62 1356
76 2365
59 478
26 57
39 73
37 677
41 2759
34 3263
85 7045
69 432
84 1952
67 117
12 1
14 1760
92 15
80 1776
30 190
32 2826
78 455
72 1842
89 10
23 1840
5 227
64 824
15 5297
55 90
25 211
7 2770
53 2131
74 2842
16 4437
8 6
