57 6605
29 18862
94 32174
22 18986
28 23814
70 29719
2 4555
91 21155
10 14072
38 33402
68 17671
81 18486
90 31968
65 15301
75 23428
36 23492
45 14750
83 24046
43 7819
4 8536
19 23078
71 22437
17 16927
49 23735
6 31045
87 12197
61 18112
79 29356
60 12338
35 15113
33 22412
88 22987
95 33572
44 17867
73 26689
82 27488
0 1319
13 33817
77 23742
1 15962
93 26270
20 27752
9 27274
58 22171
56 33254
42 17482
21 16355
27 17173
11 25632
40 9131
18 27070
3 23496
48 20937
31 10318
96 29885
46 11133
50 28376
62 26852
76 22377
59 14705
26 7349
39 3302
37 14404
41 21331
34 24513
85 33424
69 11395
84 32002
67 3250
12 17879
14 21912
92 18231
80 33985
30 16587
32 25550
78 17176
72 24122
89 3547
23 15866
5 14827
64 23895
15 31572
55 3140
25 20432
7 22067
53 19028
74 23627
16 30033
8 6473
