57 59
29 334
94 2651
22 1474
28 3835
70 693
2 9
91 766
10 296
38 2951
68 338
81 644
90 1380
65 359
75 830
36 832
45 754
83 789
43 108
4 97
19 1337
71 929
17 409
49 1812
6 1726
87 24
61 174
79 1152
60 271
35 252
33 493
88 1188
95 3759
44 629
73 753
82 2064
13 2405
77 1877
1 163
93 668
20 2007
9 868
58 613
56 2572
42 821
21 324
27 310
11 1146
40 72
18 1696
3 473
48 451
31 750
96 657
46 130
50 666
62 813
76 850
59 86
26 149
39 70
37 298
41 476
34 1262
85 2225
69 253
84 1956
67 20
12 163
14 724
92 177
80 3769
30 630
32 700
78 217
72 795
89 147
23 615
5 771
64 388
15 1700
55 89
25 300
7 1100
53 679
74 860
16 948
8 66
