57 1
29 54
94 825
22 159
28 883
70 140
2 5
91 57
10 40
38 739
68 41
81 128
90 187
65 21
75 135
36 117
45 98
83 110
43 63
4 34
19 205
17 139
71 91
49 244
6 466
87 26
61 35
79 267
60 31
35 10
33 76
88 336
95 959
44 26
73 181
82 366
13 502
77 301
1 39
93 158
20 450
9 262
58 187
56 549
42 286
21 37
11 205
27 43
40 3
18 347
3 37
48 151
31 25
96 90
46 31
50 76
62 106
76 272
59 19
26 16
39 4
37 74
41 84
34 453
85 577
69 57
84 460
67 11
12 15
14 138
92 10
80 660
30 52
32 115
78 46
72 76
89 8
23 196
5 139
64 112
15 424
55 13
25 34
7 220
53 220
74 243
16 192
8 7
