57 547
29 2634
94 7717
22 2770
28 8065
70 4460
2 73
91 1883
10 3987
38 7929
68 2493
81 4535
90 5047
65 1758
75 6217
36 4241
45 2432
83 3464
43 4046
4 1548
19 2972
17 3704
71 2598
49 4302
6 6559
87 2355
61 1206
79 5972
60 1750
35 1518
33 3576
88 6440
95 7803
44 1464
73 4902
82 6316
13 7550
77 5142
1 2486
93 3998
20 4122
9 6584
58 6453
56 8061
42 6396
21 2744
27 4019
11 3442
40 22
18 4482
3 1897
48 6211
31 208
96 4745
46 2980
50 4022
62 4012
76 4990
59 3126
26 551
39 315
37 2816
41 4425
34 5113
85 7926
69 2254
84 5886
67 773
12 2026
14 4712
92 2413
80 7030
30 1695
32 5795
78 2125
72 3821
89 932
23 4457
5 4129
64 5140
15 7208
55 1344
25 3451
7 5535
53 4463
74 5754
16 6042
8 33
