57 434
29 3610
94 7781
22 2788
28 8082
70 4991
2 450
91 2723
10 3978
38 7965
68 2969
81 4940
90 5810
65 2508
75 6467
36 5252
45 3125
83 3689
43 3981
4 1531
19 3459
17 3749
71 3246
49 4299
6 7040
87 3074
61 1243
79 6371
60 1960
35 2499
33 3889
88 6753
95 7882
44 2033
73 5821
82 6527
13 7667
77 5801
1 1964
93 5194
20 4143
9 7111
58 6822
56 8101
42 6508
21 2781
27 4587
11 3657
40 1492
18 4657
3 2669
48 6531
31 1055
96 5321
46 2717
50 4426
62 4522
76 5356
59 3863
26 442
39 721
37 3008
41 4530
34 5289
85 7971
69 3020
84 6568
67 680
12 3764
14 5696
92 2207
80 7240
30 1653
32 6206
78 2277
72 4075
89 951
23 4610
5 4248
64 5802
15 7413
55 1626
25 3228
7 6009
53 5225
74 5937
16 6632
8 1337
