57 2
29 56
94 840
22 175
28 1051
70 133
2 6
91 68
10 67
38 849
68 49
81 142
90 212
65 28
75 186
36 147
45 113
83 119
43 25
4 31
19 213
17 134
71 112
49 267
6 462
87 23
61 42
79 267
60 31
35 19
33 141
88 362
95 971
44 60
73 265
82 322
13 471
77 347
1 46
93 171
20 463
9 229
58 198
56 566
42 279
21 41
27 50
11 213
40 29
18 341
3 58
48 230
31 66
96 97
46 35
50 75
62 127
76 273
59 30
26 17
39 7
37 62
41 121
34 446
85 509
69 66
84 398
67 10
12 83
14 194
92 13
80 620
30 49
32 131
78 69
72 78
89 6
23 203
5 159
64 131
15 450
55 7
25 53
7 239
53 207
74 267
16 284
8 18
