35 4584
80 9086
10 5662
18 8352
59 7402
96 8727
93 8851
41 6109
68 4837
60 5454
20 8538
56 9035
15 8916
14 8870
55 3371
76 7281
16 8875
92 6970
89 1945
42 7602
94 9017
30 5990
38 9015
74 7385
49 8087
75 7784
39 1950
83 7953
0 1063
48 8866
29 7029
67 3744
82 8445
32 8568
69 4897
13 9005
34 8276
7 8200
95 8990
5 4998
45 7969
12 6966
57 4913
50 8219
71 7933
40 4152
84 8857
25 8092
72 7852
58 5230
36 8128
22 6910
2 2746
46 7311
61 6263
28 8956
73 8606
70 7359
81 6916
26 3429
78 6463
87 6519
88 8928
90 8967
43 2885
37 5574
6 8941
23 6377
19 7250
64 8286
44 6899
53 4425
8 3782
9 8927
21 6139
65 4620
11 8032
3 7811
1 8686
85 9019
4 2499
91 6914
79 8263
33 7123
17 8554
31 3415
77 8016
27 7591
62 8169
