35 127
80 1265
10 78
18 606
59 34
96 237
93 347
41 117
68 106
60 102
20 779
56 881
15 596
14 291
55 34
76 314
16 313
92 34
89 38
42 386
94 1011
30 199
38 1065
74 292
49 599
75 296
39 19
83 211
48 160
29 144
67 7
82 516
32 186
69 85
13 648
34 448
7 320
95 1074
5 238
45 275
12 67
57 26
50 238
71 306
40 52
84 686
25 130
72 301
58 133
36 284
22 476
2 26
46 73
61 64
28 1384
73 351
70 195
81 325
26 84
78 90
87 8
90 691
88 384
43 44
37 140
6 704
23 241
19 494
64 231
44 175
53 186
8 15
9 338
21 100
65 107
11 349
3 151
1 165
85 761
4 34
91 244
79 492
33 261
17 185
31 305
77 702
27 125
62 278
