57 57
29 470
94 6972
22 1611
28 7911
70 2343
2 139
91 716
10 1061
38 7453
68 1962
81 3066
90 1716
65 379
75 4558
36 3928
45 1338
83 1894
43 2664
4 231
19 803
17 447
71 1423
49 2294
6 4117
87 121
61 47
79 3252
60 206
35 376
33 1130
88 4128
95 7119
44 437
73 3200
82 3891
13 5303
77 4782
1 119
93 535
20 943
9 4176
58 5049
56 7966
42 5883
21 593
27 1298
11 2828
40 26
18 3358
3 1783
48 4219
31 51
96 1700
46 1562
50 1217
62 1996
76 3053
59 949
26 61
39 109
37 893
41 3465
34 4209
85 7701
69 631
84 2886
67 196
12 3
14 2276
92 25
80 2733
30 275
32 4240
78 565
72 2485
89 26
23 2851
5 496
64 1388
15 6496
55 175
25 331
7 3467
53 2692
74 4066
16 5764
8 7
