57 1
29 27
94 606
22 183
28 812
70 73
2 10
91 62
10 18
38 628
68 59
81 119
90 84
65 22
75 137
36 107
45 73
83 83
43 23
4 20
19 103
17 24
71 106
49 260
6 308
87 4
61 3
79 195
60 39
35 12
33 70
88 217
95 728
44 33
82 254
73 145
77 376
13 293
1 18
93 62
20 101
9 143
58 101
56 515
42 231
21 15
11 196
27 34
40 2
18 194
3 47
48 73
31 11
96 89
46 26
50 35
62 100
76 239
59 10
26 15
39 2
37 28
41 108
34 312
85 399
69 65
84 231
67 8
14 133
92 1
80 360
30 33
32 81
78 21
72 130
89 4
23 140
5 16
64 93
15 390
55 4
25 17
7 199
53 124
74 142
16 250
8 1
