57 19
29 116
94 834
22 363
28 1138
70 211
2 9
91 246
10 73
38 902
68 96
81 214
90 442
65 80
75 312
36 308
45 206
83 215
43 32
4 20
19 420
71 277
17 134
49 564
6 561
87 4
61 61
79 359
60 64
35 53
33 196
88 366
95 1076
44 147
73 227
82 565
13 670
77 611
1 49
93 209
20 564
9 247
58 175
56 741
42 224
21 104
11 313
27 101
40 23
18 466
3 137
48 166
31 281
96 235
46 48
50 167
62 250
76 325
59 29
26 71
39 15
37 91
41 142
34 379
85 665
69 92
84 540
67 4
12 40
14 243
92 58
80 1085
30 197
32 193
78 83
72 246
89 50
23 194
5 213
64 140
15 472
25 92
55 24
7 311
53 194
74 224
16 274
8 27
