57 3341
29 5978
94 8411
22 5832
70 8044
28 6654
2 2208
91 6241
10 4377
38 8406
68 5914
81 5718
90 8318
65 4254
75 6955
36 7358
45 3932
83 7050
43 3029
4 2392
19 6544
71 6689
17 5121
49 6971
6 8219
87 4775
61 5485
79 7578
60 4878
35 4123
33 6264
88 5716
95 8364
44 5602
73 7808
82 7779
0 844
13 8445
77 6805
1 5964
93 7844
20 7845
9 7608
58 6647
56 8450
42 5413
21 5117
27 6481
11 7415
40 3181
18 7701
3 7001
48 5054
31 2961
96 8181
46 3875
50 7837
62 7444
76 6477
59 6034
26 2862
39 1486
37 4537
41 6168
34 7232
85 8456
69 4910
84 8186
67 1929
12 5663
14 5476
92 6592
80 8499
30 4893
32 8014
78 5705
72 7029
89 1392
23 5547
5 4442
64 7720
15 8262
55 1592
25 7124
7 5395
53 5321
74 6513
16 8228
8 2652
