57 269
61 328
94 14863
46 1001
47 1443
28 18560
70 2993
21 1714
42 3486
2 53
38 14185
35 1162
68 335
78 718
59 421
92 522
4 86
3 2312
91 4564
75 3524
64 865
45 3647
52 298
6 4032
1 758
79 2683
87 126
88 4555
95 18180
17 4684
82 8565
54 673
13 11979
90 3934
77 4569
32 1690
69 474
67 182
20 4383
22 3445
73 1815
51 74
58 1341
56 13426
29 998
50 2003
89 250
44 2075
37 1378
39 385
31 2440
16 4213
36 3639
96 2019
55 438
19 2992
26 436
53 1259
62 2845
41 2287
76 1845
18 3662
11 5072
40 412
27 1501
85 14080
12 1672
83 3322
74 9371
33 4521
84 5492
9 1996
25 499
8 135
30 3918
14 2650
60 589
5 5327
80 11582
48 4213
34 2188
72 3669
23 910
43 169
93 2115
10 1974
49 4034
63 1446
81 2102
71 3125
65 1409
15 9309
7 2812
