57 71
61 76
94 2878
46 208
47 253
28 3934
70 700
21 333
42 965
2 23
38 2963
35 219
68 111
78 108
59 39
92 125
4 17
3 623
91 1169
75 793
64 171
45 933
52 104
6 1012
1 188
79 676
87 39
88 1006
95 3913
17 1014
82 1833
54 230
77 1010
13 2273
90 881
32 384
69 189
67 21
20 1179
22 851
73 461
51 18
58 344
56 2941
29 241
50 496
89 61
44 504
37 193
39 35
31 494
16 908
36 804
96 368
55 150
19 660
53 394
26 133
62 612
41 585
76 391
18 1052
11 1190
40 101
27 429
85 2652
83 732
12 387
74 1728
33 868
84 1233
9 455
25 99
8 40
30 858
14 579
60 184
5 1254
80 2157
48 916
34 590
72 882
23 260
43 51
93 410
10 400
49 896
63 373
81 536
71 573
65 326
15 2069
7 704
