Overhead/Contact
8000 36.144
16000 35.73764258555133
2500 36.65384615384615
10500 33.27564102564103
18500 35.3218085106383
5000 36.67857142857143
13000 32.04694835680751
7500 35.390243902439025
15500 34.48449612403101
2000 34.77272727272727
10000 34.84827586206897
18000 35.38055555555555
4500 34.89333333333333
12500 34.524324324324326
7000 36.526315789473685
15000 33.47430830039526
1500 37.666666666666664
9500 36.25373134328358
17500 34.759887005649716
4000 30.225
12000 34.523809523809526
6500 36.80555555555556
14500 32.93089430894309
1000 35.0
9000 36.08270676691729
17000 34.16766467065868
3500 36.5
11500 35.25308641975309
6000 36.457142857142856
14000 33.5
500 26.333333333333332
8500 36.4031007751938
16500 35.007168458781365
3000 35.06666666666667
11000 34.68125
19000 36.32266009852217
5500 36.47422680412371
13500 33.03111111111111

