Latencies/Contact
8000 20547.0640
16000 22437.2395
2500 8613.0000
10500 19102.7756
18500 26959.0372
5000 20034.6905
13000 20765.6808
7500 20705.7480
15500 22158.0620
2000 8645.7273
10000 20035.8414
18000 26995.6750
4500 20634.1867
12500 19565.0486
7000 21370.3333
15000 22314.6680
1500 9014.0000
9500 19924.7239
17500 26989.5169
4000 12147.5250
12000 18156.5238
6500 21910.0370
14500 22330.0691
1000 9014.0000
9000 19967.8947
17000 26507.8593
3500 9425.9667
11500 18526.9753
6000 22238.9429
14000 22294.0966
500 10306.1333
8500 20023.8372
16500 24357.3871
3000 9425.9667
11000 18750.6750
19000 31449.1626
5500 21759.4639
13500 21924.7689

