Latencies/Contact
8000 20459.4173
16000 22284.8926
2500 8524.7600
10500 19186.4645
18500 25506.5547
5000 19329.4557
13000 21088.8710
7500 20770.4677
15500 22266.8340
2000 8372.2857
10000 20068.7603
18000 25480.8691
4500 17880.9429
12500 19848.8000
7000 21457.7679
15000 22389.6133
1500 8697.8235
9500 19846.0368
17500 25598.0028
4000 14160.3953
12000 18249.4431
6500 21910.1415
14500 22549.2276
1000 8914.1875
9000 20268.6894
17000 25297.2684
3500 9532.9333
11500 18716.0500
6000 22121.2718
14000 22432.9710
500 9982.2857
8500 20164.2248
16500 23156.5993
3000 9532.9333
11000 18716.0500
19000 30107.1235
5500 21451.3298
13500 22174.4273

