NrofDelivered/Contact
8000 84.66666666666667
16000 84.90566037735849
2500 62.5
10500 84.23913043478261
18500 86.60508083140877
5000 62.20472440944882
13000 78.05755395683454
7500 83.78378378378379
15500 84.0909090909091
2000 53.84615384615385
10000 81.56424581005587
18000 84.86997635933807
4500 56.00000000000001
12500 68.51851851851852
7000 76.71232876712328
15000 84.21052631578947
1500 44.73684210526316
9500 81.437125748503
17500 85.16746411483254
4000 35.53719008264463
12000 79.90430622009569
6500 77.37226277372264
14500 82.82828282828282
1000 43.24324324324324
9000 82.5
17000 81.49038461538461
3500 55.55555555555556
11500 83.7696335078534
6000 76.86567164179104
14000 83.39100346020761
500 38.88888888888889
8500 84.31372549019608
16500 70.34313725490196
3000 73.17073170731707
11000 85.56149732620321
19000 91.01123595505618
5500 72.3076923076923
13500 79.37062937062937

