Overhead/Contact
8000 35.46456692913386
16000 36.34444444444444
2500 31.84
10500 34.71612903225807
18500 35.73866666666667
5000 31.620253164556964
13000 33.62672811059908
7500 34.86290322580645
15500 37.57915057915058
2000 31.761904761904763
10000 34.78767123287671
18000 35.51532033426184
4500 28.37142857142857
12500 35.57837837837838
7000 35.455357142857146
15000 36.828125
1500 33.88235294117647
9500 36.06617647058823
17500 34.23314606741573
4000 26.186046511627907
12000 34.77245508982036
6500 34.12264150943396
14500 36.76829268292683
1000 23.8125
9000 36.621212121212125
17000 34.92035398230089
3500 32.733333333333334
11500 35.6875
6000 31.203883495145632
14000 36.40248962655602
500 13.142857142857142
8500 36.201550387596896
16500 35.721254355400696
3000 31.433333333333334
11000 35.2125
19000 35.138271604938275
5500 30.97872340425532
13500 36.008810572687224

