35 533
80 3588
10 1562
18 4340
59 1428
96 2336
93 774
41 4339
68 2829
60 245
20 1275
56 8659
15 7425
14 2806
55 292
76 4064
16 6859
92 29
89 36
42 7003
94 7785
30 392
38 8226
74 4997
49 2971
75 5498
39 137
83 2483
48 5216
29 739
67 247
82 4915
32 5204
69 885
13 6169
34 5250
7 4290
95 7922
5 732
45 1842
12 5
57 63
50 1668
71 1887
40 43
84 3808
25 559
72 3263
58 6442
36 5073
22 2234
2 176
46 2203
61 54
28 8828
73 3754
70 3140
81 4058
26 65
78 748
87 212
88 5072
90 2053
43 3317
37 1181
6 5043
23 3726
19 1167
64 2125
44 605
53 3371
8 10
9 5062
21 832
65 539
11 3640
3 2337
1 131
85 8395
4 302
91 994
79 4175
33 1698
17 561
31 78
77 5949
27 1937
62 2700
