35 14
80 438
10 18
18 235
59 13
96 99
93 74
41 120
68 62
60 48
20 124
15 460
14 146
56 582
55 5
76 293
16 294
89 4
92 1
42 239
94 719
30 42
38 739
74 164
49 329
75 156
39 2
83 104
48 96
29 29
67 10
82 293
32 94
69 69
13 349
34 394
7 229
95 836
5 21
45 93
50 38
57 3
71 128
40 6
84 266
25 19
72 158
36 139
58 118
22 215
2 11
46 31
61 5
28 963
73 193
70 88
81 154
78 26
26 16
87 3
90 98
88 247
43 27
37 37
6 406
23 176
19 119
64 110
44 38
53 147
8 1
9 175
21 22
65 26
11 234
3 64
1 18
85 437
4 26
91 77
79 222
33 80
17 28
31 16
77 470
27 42
62 122
