57 547
29 2634
94 7715
22 2769
28 8063
70 4457
2 73
91 1881
10 3987
38 7927
68 2487
81 4535
90 5045
65 1754
75 6217
36 4240
45 2432
83 3459
43 4046
4 1537
19 2973
17 3704
71 2591
49 4299
6 6557
87 2349
61 1206
79 5970
60 1744
35 1515
33 3576
88 6440
95 7802
44 1462
73 4901
82 6316
13 7548
77 5140
1 2474
93 3994
20 4120
9 6583
58 6452
56 8060
42 6395
21 2739
27 4010
11 3439
40 22
18 4476
3 1891
48 6205
31 208
96 4743
46 2972
50 4020
62 4006
76 4952
59 3125
26 551
39 310
37 2810
41 4422
34 5113
85 7925
69 2252
84 5886
67 771
12 2026
14 4712
92 2413
80 7025
30 1696
32 5794
78 2122
72 3818
89 932
23 4456
5 4128
64 5140
15 7206
55 1340
25 3452
7 5530
53 4531
74 5754
16 6040
8 33
