57 1
29 54
94 821
22 158
28 880
70 135
2 5
91 57
10 39
38 739
68 41
81 128
90 185
65 21
75 131
36 117
45 98
83 111
43 63
4 34
19 205
17 143
71 81
49 246
6 467
87 26
61 32
79 265
60 31
35 10
33 76
88 336
95 963
44 26
73 183
82 367
13 496
77 298
1 37
93 154
20 440
9 263
58 187
56 550
42 281
21 37
11 211
27 43
40 3
18 349
3 41
48 151
31 25
96 89
46 31
50 61
62 106
76 272
59 19
26 16
39 4
37 74
41 84
34 443
85 579
69 57
84 454
67 11
12 15
14 144
92 12
80 655
30 52
32 119
78 45
72 76
89 9
23 199
5 139
64 116
15 425
55 9
25 36
7 226
53 219
74 244
16 194
8 7
