57 8298
29 47602
94 219067
22 177826
28 226151
70 92480
2 5734
91 130038
10 48348
38 275430
68 48638
81 45363
90 153896
65 93409
75 85668
36 77279
45 118043
83 145336
43 7725
4 10298
19 147872
71 90431
17 125931
49 114264
6 142246
87 19088
61 30184
79 135246
60 16496
35 48889
33 91826
88 169109
95 395377
44 110942
73 86156
82 186869
0 2214
13 320886
77 91738
1 27700
93 38599
20 305528
9 50769
58 61646
56 249313
42 110345
21 49699
27 105266
11 149491
40 19937
18 244773
3 94601
48 92973
31 9769
96 83151
46 29241
50 87721
62 88144
76 54390
59 18087
26 9924
39 12495
37 34487
41 93366
34 125280
85 229445
69 13533
84 228464
67 4941
12 35825
14 85858
92 19378
80 240672
30 160448
32 86808
78 50282
72 96994
89 12578
23 27199
5 237705
64 33977
15 160986
55 6513
25 26679
7 127618
53 84580
74 141314
16 89205
8 9339
