57 48
29 347
94 2453
22 1435
28 3652
70 921
2 8
91 847
10 315
38 3149
68 235
81 759
90 1592
65 393
75 1003
36 833
45 677
83 804
43 90
4 70
19 1582
71 987
17 377
49 1585
6 1827
87 21
61 233
79 1272
60 196
35 255
33 548
88 1351
95 3731
44 649
73 781
82 2298
13 2593
77 2061
1 199
93 647
20 1882
9 799
58 567
56 2599
42 768
21 339
27 706
11 1093
40 166
18 1664
3 554
48 697
31 762
96 729
46 146
50 683
62 962
76 603
59 80
26 118
39 110
37 372
41 358
34 1253
85 2680
69 199
84 2018
67 26
12 169
14 886
92 147
80 3976
30 639
32 572
78 322
72 946
89 80
23 504
5 660
64 479
15 2053
55 65
25 238
7 939
53 688
74 981
16 941
8 127
