57 6
29 85
94 1693
22 567
28 2016
70 272
2 21
91 181
10 70
38 1845
68 168
81 374
90 283
65 50
75 404
36 344
45 263
83 275
43 67
4 68
19 315
17 59
71 371
49 734
6 985
87 4
61 14
79 446
60 97
35 40
33 169
88 575
95 1992
44 111
73 454
82 745
13 898
77 1093
1 39
93 163
20 306
9 498
58 363
56 1323
42 496
21 52
27 80
11 541
40 13
18 597
3 183
48 217
31 42
96 235
46 65
50 119
62 284
76 729
59 38
26 47
39 5
37 122
41 273
34 1002
85 1164
69 144
84 622
67 33
14 292
92 1
80 1034
30 106
32 255
78 84
72 363
89 4
23 402
5 56
64 261
15 1275
55 11
25 48
7 568
53 323
74 501
16 687
