57 153
29 1819
94 35013
22 5303
28 217941
70 7517
2 407
91 2390
10 3577
38 63881
68 6579
81 9299
90 4968
65 1230
75 12679
36 11861
45 4415
83 5937
43 7156
4 715
19 2808
17 1385
71 4622
49 6961
6 11723
87 532
61 134
79 9866
60 543
35 1272
33 4103
88 11757
95 103622
44 1502
73 8821
82 11588
13 14510
77 13767
1 319
93 1729
20 3104
9 11710
58 14827
56 169356
42 75283
21 2008
27 4645
11 8577
40 107
18 10238
3 5595
48 12075
31 189
96 5616
46 5289
50 4061
62 6432
76 9555
59 3579
26 156
39 316
37 2831
41 10132
34 13975
85 124929
69 2247
84 8879
67 597
12 5
14 6698
92 54
80 8336
30 976
32 12176
78 1786
72 7676
89 75
23 8679
5 1739
64 4975
15 17247
55 717
25 1430
7 10117
53 7870
74 11668
16 16019
8 36
