57 20
29 137
94 995
22 422
28 1309
70 250
2 7
91 267
10 77
38 1083
68 103
81 263
90 519
65 86
75 378
36 372
45 221
83 236
43 35
4 22
19 483
71 343
17 141
49 660
6 638
87 5
61 79
79 421
60 71
35 65
33 235
88 416
95 1242
44 164
73 262
82 647
13 742
77 715
1 60
93 243
20 633
9 272
58 190
56 842
42 252
21 125
11 345
27 127
40 33
18 542
3 162
48 175
31 327
96 256
46 53
50 182
62 274
76 364
59 36
26 74
39 28
37 133
41 177
34 451
85 755
69 100
84 604
67 4
12 51
14 285
92 59
80 1246
30 238
32 216
78 89
72 275
89 59
23 225
5 242
64 169
15 561
25 101
55 30
7 349
53 222
74 237
16 312
8 28
