57 4355
29 7000
94 9075
22 6938
70 8849
28 7741
2 2761
91 7228
10 4939
38 9070
68 7130
81 6691
90 9037
65 4621
75 7800
36 8706
45 4394
83 7953
43 3531
4 2522
19 7539
71 7474
17 6065
49 7924
6 8971
87 5463
61 6388
79 8327
60 5596
35 4650
33 7188
88 6185
95 9108
44 6951
73 8632
82 8675
0 1426
13 9087
77 7994
1 6828
93 8704
20 8597
9 8335
58 7763
56 9112
42 6710
21 6237
27 8117
11 8167
40 4038
18 8430
3 7808
48 5268
31 3439
96 8916
46 4953
50 8549
62 8157
76 7488
59 7591
26 3274
39 2035
37 5184
41 6815
34 7944
85 9100
69 5577
84 8904
67 2367
12 6916
14 5904
92 7733
80 9152
30 5805
32 8832
78 6706
72 7864
89 1987
23 6804
5 5198
64 8690
15 8985
55 2338
25 8338
7 5735
53 6181
74 7450
16 8934
8 3372
